depto	hogar	orden	zona	puntaje_sisben_3	llave	CORTE	FEX	PER001	PER002A	PER003	PER004	PER005	PER006	PER007	PER008	PER009	PER010	PER011	PER012	PER013A	PER014A	PER015	PER016
88	1	1	1	9.25	0001	DIC2016	70.954081633	2	3	1	2	0	0	2	2	4	1	2	0	2	4	0	1
88	1	2	1	9.25	0001	DIC2016	70.954081633	2	1	3	2	0	0	2	2	4	2	2	0	1	0	0	2
88	1	1	2	13.55	0002	DIC2016	70.954081633	2	3	1	2	0	0	2	2	4	1	2	0	2	1	0	1
88	1	2	2	13.55	0002	DIC2016	70.954081633	2	2	3	2	0	0	2	2	4	2	1	4	2	3	0	2
88	1	3	2	13.55	0002	DIC2016	70.954081633	1	1	3	2	0	0	2	2	4	2	1	4	1	3	0	2
88	1	4	2	13.55	0002	DIC2016	70.954081633	1	1	4	2	0	0	2	2	0	2	2	0	1	0	0	2
88	1	1	1	44.11	0003	DIC2016	70.954081633	2	3	1	2	0	0	2	2	0	1	2	0	2	1	0	1
88	1	2	1	44.11	0003	DIC2016	70.954081633	1	3	11	2	0	0	2	2	3	2	1	4	2	3	0	2
88	1	3	1	44.11	0003	DIC2016	70.954081633	1	2	11	2	0	0	2	2	3	2	1	4	2	3	0	2
88	1	4	1	44.11	0003	DIC2016	70.954081633	2	3	3	1	7	0	2	2	0	1	2	0	2	1	0	1
88	1	5	1	44.11	0003	DIC2016	70.954081633	2	1	4	2	0	4	2	2	0	2	2	0	1	0	0	2
88	1	6	1	44.11	0003	DIC2016	70.954081633	2	1	4	2	0	4	2	2	0	2	2	0	1	0	0	2
88	1	7	1	44.11	0003	DIC2016	70.954081633	1	3	7	1	4	0	2	2	0	2	2	0	2	1	0	1
88	1	1	2	38.72	0004	DIC2016	70.954081633	2	3	1	2	0	0	2	2	1	1	2	0	2	4	0	1
88	1	1	1	23.11	0005	DIC2016	70.954081633	1	3	1	1	2	0	2	2	3	2	2	0	1	1	0	1
88	1	2	1	23.11	0005	DIC2016	70.954081633	2	3	2	1	1	0	2	2	3	1	2	0	2	4	0	2
88	1	3	1	23.11	0005	DIC2016	70.954081633	1	1	3	2	0	0	2	2	3	2	1	4	1	3	0	2
88	1	4	1	23.11	0005	DIC2016	70.954081633	1	1	3	2	0	0	2	2	3	2	1	4	1	3	0	2
88	1	1	2	42.21	0006	DIC2016	70.954081633	1	3	1	1	2	0	2	2	4	2	2	0	1	1	0	1
88	1	2	2	42.21	0006	DIC2016	70.954081633	2	3	2	1	1	0	2	2	4	1	2	0	2	1	0	1
88	1	1	2	37.86	0007	DIC2016	70.954081633	1	3	1	1	2	0	2	2	4	2	2	0	2	1	0	1
88	1	2	2	37.86	0007	DIC2016	70.954081633	2	3	2	1	1	0	2	2	4	1	2	0	2	1	0	1
88	1	3	2	37.86	0007	DIC2016	70.954081633	2	2	3	2	0	0	2	2	4	2	1	4	1	3	0	2
88	1	4	2	37.86	0007	DIC2016	70.954081633	2	1	3	2	0	0	2	2	4	2	1	4	1	3	0	2
88	1	5	2	37.86	0007	DIC2016	70.954081633	2	1	3	2	0	0	2	2	0	2	2	0	1	0	0	2
88	1	1	1	19.38	0008	DIC2016	70.954081633	1	3	1	2	0	0	2	2	4	2	2	0	1	1	0	1
88	1	1	2	50.09	0009	DIC2016	70.954081633	1	3	1	1	2	0	2	2	3	2	2	0	2	1	0	1
88	1	2	2	50.09	0009	DIC2016	70.954081633	2	3	2	1	1	0	2	2	3	1	2	0	2	1	0	1
88	1	3	2	50.09	0009	DIC2016	70.954081633	1	1	3	2	0	0	2	2	3	2	2	0	1	0	0	2
88	1	1	2	28.08	0010	DIC2016	70.954081633	2	3	1	2	0	0	2	2	0	1	2	0	1	0	0	2
88	1	2	2	28.08	0010	DIC2016	70.954081633	2	2	6	2	0	0	2	2	0	2	1	4	2	3	0	2
88	1	3	2	28.08	0010	DIC2016	70.954081633	1	3	6	2	0	0	2	2	0	2	2	0	2	0	0	2
88	1	4	2	28.08	0010	DIC2016	70.954081633	2	1	11	2	0	2	2	2	0	2	2	0	1	0	0	2
88	1	1	2	34.55	0011	DIC2016	70.954081633	2	3	1	2	0	0	2	2	3	1	2	0	2	1	0	1
88	1	2	2	34.55	0011	DIC2016	70.954081633	2	3	6	2	0	0	2	2	4	1	2	0	2	0	0	2
88	1	3	2	34.55	0011	DIC2016	70.954081633	1	1	3	2	0	0	2	2	4	2	2	0	1	0	0	2
88	1	4	2	34.55	0011	DIC2016	70.954081633	1	3	10	2	0	0	2	2	4	2	2	0	1	0	0	2
88	1	5	2	34.55	0011	DIC2016	70.954081633	1	1	11	2	0	0	2	2	0	2	2	0	1	0	0	2
88	1	6	2	34.55	0011	DIC2016	70.954081633	1	1	3	2	0	0	2	2	0	2	2	0	1	0	0	2
88	1	7	2	34.55	0011	DIC2016	70.954081633	1	3	6	2	0	0	2	2	3	2	2	0	2	1	0	1
88	1	1	1	32.63	0012	DIC2016	70.954081633	1	3	1	2	0	0	2	2	0	2	2	0	2	0	0	1
88	1	1	2	26.57	0013	DIC2016	70.954081633	2	3	1	2	0	0	2	2	1	1	2	0	2	1	0	1
88	1	2	2	26.57	0013	DIC2016	70.954081633	2	2	3	1	3	0	2	2	4	1	1	6	2	3	0	2
88	1	3	2	26.57	0013	DIC2016	70.954081633	1	3	7	1	2	0	2	2	4	2	2	0	2	1	0	1
88	1	4	2	26.57	0013	DIC2016	70.954081633	2	1	4	2	0	7	2	2	4	2	2	0	1	0	0	2
88	1	5	2	26.57	0013	DIC2016	70.954081633	2	1	4	2	0	7	2	2	4	2	1	4	1	3	0	2
88	1	6	2	26.57	0013	DIC2016	70.954081633	1	1	4	2	0	2	2	2	4	2	2	0	1	0	0	2
88	1	7	2	26.57	0013	DIC2016	70.954081633	1	3	7	1	0	0	2	2	3	2	2	0	2	1	0	1
88	1	8	2	26.57	0013	DIC2016	70.954081633	2	3	7	1	0	0	2	2	4	1	1	6	2	3	0	2
88	1	9	2	26.57	0013	DIC2016	70.954081633	1	1	4	2	0	3	2	2	4	2	2	0	1	0	0	2
88	1	10	2	26.57	0013	DIC2016	70.954081633	2	1	4	2	0	2	2	2	0	2	2	0	1	0	0	2
88	1	1	1	60.09	0014	DIC2016	70.954081633	1	3	1	1	0	0	2	2	1	2	2	0	2	1	0	1
88	1	2	1	60.09	0014	DIC2016	70.954081633	1	3	3	2	0	0	2	2	0	2	2	0	2	1	0	1
88	1	1	1	42.18	0015	DIC2016	70.954081633	2	3	1	2	0	0	2	2	0	1	2	0	1	4	0	1
88	1	2	1	42.18	0015	DIC2016	70.954081633	1	3	3	2	0	0	2	2	0	2	2	0	2	0	0	2
88	1	3	1	42.18	0015	DIC2016	70.954081633	1	3	3	2	0	0	2	2	0	2	2	0	2	0	0	1
88	1	4	1	42.18	0015	DIC2016	70.954081633	1	3	3	2	0	0	2	2	0	2	2	0	2	0	0	2
88	1	1	2	35.13	0016	DIC2016	70.954081633	2	3	1	1	2	0	2	2	0	1	2	0	2	1	0	1
88	1	2	2	35.13	0016	DIC2016	70.954081633	1	3	2	1	1	0	2	2	0	2	2	0	1	1	0	1
88	1	3	2	35.13	0016	DIC2016	70.954081633	1	2	3	2	0	0	2	2	0	2	1	4	1	3	0	2
88	1	4	2	35.13	0016	DIC2016	70.954081633	2	1	3	2	0	0	2	2	0	2	1	4	1	3	0	2
88	1	1	2	23.89	0017	DIC2016	70.954081633	2	3	1	1	2	0	2	2	4	1	2	0	2	4	0	2
88	1	2	2	23.89	0017	DIC2016	70.954081633	1	3	2	1	1	0	2	2	1	2	2	0	2	1	0	1
88	1	3	2	23.89	0017	DIC2016	70.954081633	2	1	3	2	0	0	2	2	4	2	1	4	1	3	0	2
88	1	1	1	47.76	0018	DIC2016	70.954081633	2	3	1	2	0	0	2	2	3	1	2	0	2	1	0	1
88	1	2	1	47.76	0018	DIC2016	70.954081633	1	3	3	2	0	0	2	2	1	2	2	0	2	1	0	1
88	1	3	1	47.76	0018	DIC2016	70.954081633	2	3	3	1	4	0	2	2	3	1	2	0	2	1	0	1
88	1	4	1	47.76	0018	DIC2016	70.954081633	1	3	7	1	3	0	2	2	3	2	2	0	2	1	0	1
88	1	5	1	47.76	0018	DIC2016	70.954081633	2	1	4	2	0	3	2	2	3	2	1	3	1	3	0	2
88	1	6	1	47.76	0018	DIC2016	70.954081633	1	1	4	2	0	3	2	2	3	2	2	0	1	0	0	2
88	1	7	1	47.76	0018	DIC2016	70.954081633	2	3	6	2	0	0	2	2	3	2	2	0	2	0	0	2
88	1	8	1	47.76	0018	DIC2016	70.954081633	1	3	11	2	0	7	2	2	3	2	2	0	2	0	0	2
88	1	1	1	20.57	0019	DIC2016	70.954081633	1	3	1	1	0	0	2	2	1	2	2	0	2	1	0	1
88	1	1	1	14.74	0020	DIC2016	70.954081633	2	3	1	1	2	0	2	2	0	1	2	0	2	4	0	1
88	1	2	1	14.74	0020	DIC2016	70.954081633	1	3	2	1	1	0	2	2	0	2	2	0	1	0	0	2
88	1	3	1	14.74	0020	DIC2016	70.954081633	1	3	3	1	5	0	2	2	0	2	2	0	2	1	0	1
88	1	4	1	14.74	0020	DIC2016	70.954081633	1	2	3	2	0	0	2	2	4	2	1	4	2	3	0	2
88	1	5	1	14.74	0020	DIC2016	70.954081633	2	2	7	1	3	0	2	2	1	1	2	0	2	4	0	2
88	1	6	1	14.74	0020	DIC2016	70.954081633	2	1	4	2	0	3	2	2	0	2	2	0	1	0	0	2
88	1	7	1	14.74	0020	DIC2016	70.954081633	2	1	4	2	0	3	2	2	0	2	2	0	1	0	0	2
88	1	1	1	20.24	0021	DIC2016	70.954081633	1	3	1	1	2	0	2	2	4	2	2	0	2	1	0	1
88	1	2	1	20.24	0021	DIC2016	70.954081633	2	3	2	1	1	0	2	2	4	1	2	0	2	2	8	2
88	1	3	1	20.24	0021	DIC2016	70.954081633	1	3	3	2	0	0	2	2	4	2	2	0	2	0	0	2
88	1	4	1	20.24	0021	DIC2016	70.954081633	1	1	3	2	0	0	2	2	4	2	1	4	1	3	0	2
88	1	1	2	32.11	0022	DIC2016	70.954081633	2	3	1	2	0	0	2	2	3	1	2	0	2	1	0	1
88	1	2	2	32.11	0022	DIC2016	70.954081633	1	3	3	2	0	0	2	2	0	2	2	0	2	1	0	1
88	1	3	2	32.11	0022	DIC2016	70.954081633	1	1	4	2	0	2	2	2	0	2	1	4	1	3	0	2
88	1	4	2	32.11	0022	DIC2016	70.954081633	2	1	4	2	0	2	2	2	0	2	1	4	1	3	0	2
88	1	1	2	51.87	0023	DIC2016	70.954081633	1	3	1	2	0	0	2	2	1	2	2	0	1	1	0	1
88	1	2	2	51.87	0023	DIC2016	70.954081633	2	3	13	2	0	0	2	2	4	2	2	0	2	0	0	2
88	1	1	2	45.89	0024	DIC2016	70.954081633	1	3	1	1	2	0	2	2	0	2	2	0	2	1	0	1
88	1	2	2	45.89	0024	DIC2016	70.954081633	2	3	2	1	1	0	2	2	3	1	1	6	2	1	0	1
88	1	3	2	45.89	0024	DIC2016	70.954081633	2	1	3	2	0	0	2	2	3	2	1	4	1	3	0	2
88	1	4	2	45.89	0024	DIC2016	70.954081633	1	1	3	2	0	0	2	2	4	2	2	0	1	0	0	2
88	1	1	1	15.17	0025	DIC2016	70.954081633	2	3	1	2	0	0	2	2	3	1	2	0	2	1	0	1
88	1	1	2	55.36	0026	DIC2016	70.954081633	1	3	1	1	2	0	2	2	4	2	2	0	1	1	0	1
88	1	2	2	55.36	0026	DIC2016	70.954081633	2	3	2	1	1	0	2	2	4	1	2	0	2	0	0	2
88	1	3	2	55.36	0026	DIC2016	70.954081633	1	3	3	2	0	0	2	2	4	2	1	4	2	3	0	2
88	1	1	2	30.49	0027	DIC2016	70.954081633	2	3	1	2	0	0	2	2	3	1	2	0	2	1	0	1
88	1	2	2	30.49	0027	DIC2016	70.954081633	2	3	3	2	0	0	2	2	4	1	2	0	2	2	48	2
88	1	3	2	30.49	0027	DIC2016	70.954081633	1	1	4	2	0	0	2	2	4	2	2	0	1	0	0	2
88	1	1	2	42.85	0028	DIC2016	70.954081633	1	3	1	1	2	0	2	2	3	2	2	0	2	1	0	1
88	1	2	2	42.85	0028	DIC2016	70.954081633	2	3	2	1	1	0	2	2	3	1	2	0	1	4	0	2
88	1	3	2	42.85	0028	DIC2016	70.954081633	2	1	4	2	0	0	2	2	4	2	1	2	1	3	0	2
88	1	1	1	29.77	0029	DIC2016	70.954081633	1	3	1	1	2	0	2	2	4	2	2	0	2	1	0	1
88	1	2	1	29.77	0029	DIC2016	70.954081633	2	3	2	1	1	0	2	2	4	1	2	0	1	1	0	1
88	1	3	1	29.77	0029	DIC2016	70.954081633	2	1	3	2	0	0	2	2	4	2	1	4	1	3	0	2
88	1	4	1	29.77	0029	DIC2016	70.954081633	2	1	3	2	0	0	2	2	4	2	2	0	1	0	0	2
88	1	1	2	19.16	0030	DIC2016	70.954081633	2	3	1	1	2	0	2	2	1	1	2	0	2	4	0	2
88	1	2	2	19.16	0030	DIC2016	70.954081633	1	3	2	1	1	0	2	2	0	2	2	0	2	1	0	1
88	1	3	2	19.16	0030	DIC2016	70.954081633	2	2	3	2	0	0	2	2	1	2	1	4	1	3	0	2
88	1	4	2	19.16	0030	DIC2016	70.954081633	2	3	3	1	6	0	2	2	1	1	2	0	2	4	0	2
88	1	5	2	19.16	0030	DIC2016	70.954081633	2	1	4	2	0	4	2	2	4	2	2	0	1	0	0	2
88	1	6	2	19.16	0030	DIC2016	70.954081633	1	3	7	1	4	0	2	2	4	2	2	0	2	1	0	1
88	1	7	2	19.16	0030	DIC2016	70.954081633	1	3	13	2	0	0	2	2	0	2	2	0	2	1	0	1
88	1	1	2	43.34	0031	DIC2016	70.954081633	1	3	1	1	2	0	2	2	1	2	2	0	2	1	0	1
88	1	2	2	43.34	0031	DIC2016	70.954081633	2	3	2	1	1	0	2	2	1	1	2	0	2	4	0	2
88	1	3	2	43.34	0031	DIC2016	70.954081633	1	1	3	2	0	0	2	2	1	2	1	4	1	3	0	2
88	1	4	2	43.34	0031	DIC2016	70.954081633	2	1	3	2	0	0	2	2	0	2	2	0	1	0	0	2
88	1	1	2	12.13	0032	DIC2016	70.954081633	1	3	1	2	0	0	2	2	4	2	2	0	1	1	0	1
88	1	2	2	12.13	0032	DIC2016	70.954081633	1	1	3	2	0	0	2	2	4	2	1	4	1	3	0	2
88	1	1	1	38.03	0033	DIC2016	70.954081633	1	3	1	1	2	0	2	2	2	2	2	0	2	1	0	1
88	1	2	1	38.03	0033	DIC2016	70.954081633	2	3	2	1	1	0	2	2	2	1	2	0	2	0	0	2
88	1	3	1	38.03	0033	DIC2016	70.954081633	1	1	3	2	0	0	2	2	2	2	1	4	2	3	0	2
88	1	4	1	38.03	0033	DIC2016	70.954081633	1	1	3	2	0	0	2	2	2	2	1	4	1	3	0	2
88	1	1	1	39.65	0034	DIC2016	70.954081633	2	3	1	1	0	0	2	2	1	1	2	0	2	1	0	1
88	1	2	1	39.65	0034	DIC2016	70.954081633	1	1	3	2	0	0	2	2	1	2	1	4	1	3	0	2
88	1	1	1	30.96	0035	DIC2016	70.954081633	1	3	1	1	2	0	2	2	4	2	2	0	2	1	0	1
88	1	2	1	30.96	0035	DIC2016	70.954081633	2	3	2	1	1	0	2	2	4	1	2	0	2	4	0	2
88	1	3	1	30.96	0035	DIC2016	70.954081633	1	2	3	2	0	0	2	2	4	2	1	4	1	3	0	2
88	1	4	1	30.96	0035	DIC2016	70.954081633	1	1	3	2	0	0	2	2	4	2	1	4	1	3	0	2
88	1	5	1	30.96	0035	DIC2016	70.954081633	2	3	13	2	0	0	2	2	4	1	2	0	2	1	0	1
88	1	6	1	30.96	0035	DIC2016	70.954081633	2	1	14	2	0	5	2	2	4	2	2	0	1	0	0	2
88	1	7	1	30.96	0035	DIC2016	70.954081633	2	1	14	2	0	0	2	2	0	2	2	0	1	0	0	2
88	1	8	1	30.96	0035	DIC2016	70.954081633	1	1	14	2	0	5	2	2	0	2	2	0	1	0	0	2
88	1	1	1	29.17	0036	DIC2016	70.954081633	2	3	1	1	2	0	2	2	3	1	2	0	2	1	0	1
88	1	2	1	29.17	0036	DIC2016	70.954081633	1	3	2	1	1	0	2	2	3	2	2	0	1	1	0	1
88	1	3	1	29.17	0036	DIC2016	70.954081633	1	3	3	2	0	0	2	2	3	2	2	0	2	1	0	1
88	1	4	1	29.17	0036	DIC2016	70.954081633	1	3	3	2	0	0	2	2	0	2	2	0	2	1	0	1
88	1	5	1	29.17	0036	DIC2016	70.954081633	2	2	3	2	0	0	2	2	3	2	1	4	2	3	0	2
88	1	6	1	29.17	0036	DIC2016	70.954081633	2	1	4	2	0	4	2	2	0	2	2	0	1	0	0	2
88	1	7	1	29.17	0036	DIC2016	70.954081633	1	1	4	2	0	4	2	2	0	2	2	0	1	0	0	2
88	1	1	2	49.61	0037	DIC2016	70.954081633	1	3	1	1	2	0	2	2	2	2	2	0	2	1	0	1
88	1	2	2	49.61	0037	DIC2016	70.954081633	2	3	2	1	1	0	2	2	2	1	2	0	2	4	0	2
88	1	3	2	49.61	0037	DIC2016	70.954081633	2	1	3	2	0	0	2	2	2	2	1	4	1	3	0	2
88	1	4	2	49.61	0037	DIC2016	70.954081633	2	1	3	2	0	0	2	2	2	2	1	4	1	3	0	2
88	1	5	2	49.61	0037	DIC2016	70.954081633	1	1	3	2	0	0	2	2	2	2	1	2	1	3	0	2
88	1	6	2	49.61	0037	DIC2016	70.954081633	1	1	3	2	0	0	2	2	2	2	2	0	1	0	0	2
88	1	1	2	50.78	0038	DIC2016	70.954081633	1	3	1	1	2	0	2	2	3	2	2	0	2	1	0	1
88	1	2	2	50.78	0038	DIC2016	70.954081633	2	3	2	1	1	0	2	2	3	1	2	0	2	1	0	1
88	1	3	2	50.78	0038	DIC2016	70.954081633	2	3	3	2	0	0	2	2	3	2	1	4	2	3	0	2
88	1	4	2	50.78	0038	DIC2016	70.954081633	1	2	3	2	0	0	2	2	3	2	1	4	1	3	0	2
88	1	5	2	50.78	0038	DIC2016	70.954081633	1	2	3	2	0	0	2	2	3	2	1	4	1	3	0	2
88	1	1	1	26.98	0039	DIC2016	70.954081633	1	3	1	1	2	0	2	2	3	2	2	0	2	1	0	1
88	1	2	1	26.98	0039	DIC2016	70.954081633	2	3	2	1	1	0	2	2	3	1	2	0	2	1	0	1
88	1	3	1	26.98	0039	DIC2016	70.954081633	1	3	3	2	0	0	2	2	3	2	1	4	2	3	0	2
88	1	1	2	55.36	0040	DIC2016	70.954081633	1	3	1	1	2	0	2	2	3	2	2	0	2	1	0	1
88	1	2	2	55.36	0040	DIC2016	70.954081633	2	3	2	1	1	0	2	2	4	1	2	0	2	0	0	2
88	1	1	1	49.64	0041	DIC2016	70.954081633	2	3	1	2	0	0	2	2	3	1	2	0	2	4	0	2
88	1	2	1	49.64	0041	DIC2016	70.954081633	1	3	3	2	0	0	2	2	0	2	2	0	2	1	0	1
88	1	3	1	49.64	0041	DIC2016	70.954081633	2	3	3	2	0	0	2	2	3	1	2	0	2	1	0	1
88	1	4	1	49.64	0041	DIC2016	70.954081633	2	1	4	2	0	3	2	2	2	2	1	4	1	3	0	2
88	1	1	1	23.53	0042	DIC2016	70.954081633	1	3	1	2	0	0	2	2	4	2	2	0	2	1	0	1
88	1	2	1	23.53	0042	DIC2016	70.954081633	1	3	4	2	0	0	2	2	4	2	2	0	1	1	0	1
88	1	3	1	23.53	0042	DIC2016	70.954081633	2	3	4	2	0	0	2	2	4	2	2	0	2	0	0	2
88	1	1	2	29.23	0043	DIC2016	70.954081633	1	3	1	1	2	0	2	2	3	2	2	0	2	2	6	2
88	1	2	2	29.23	0043	DIC2016	70.954081633	2	3	2	1	1	0	2	2	4	1	2	0	2	1	0	1
88	1	4	2	29.23	0043	DIC2016	70.954081633	1	1	3	2	0	0	2	2	4	2	1	4	1	3	0	2
88	1	5	2	29.23	0043	DIC2016	70.954081633	1	1	3	2	0	0	2	2	4	2	2	0	1	0	0	2
88	1	1	2	31.57	0044	DIC2016	70.954081633	1	3	1	1	2	0	2	2	4	2	2	0	2	0	0	2
88	1	2	2	31.57	0044	DIC2016	70.954081633	2	3	2	1	1	0	2	2	3	1	2	0	2	1	0	1
88	1	3	2	31.57	0044	DIC2016	70.954081633	2	3	3	2	0	0	2	2	3	1	2	0	2	4	0	2
88	1	4	2	31.57	0044	DIC2016	70.954081633	2	1	4	2	0	3	2	2	4	2	2	0	1	0	0	2
88	1	5	2	31.57	0044	DIC2016	70.954081633	2	3	3	2	0	0	2	2	3	2	2	0	2	1	0	1
88	1	6	2	31.57	0044	DIC2016	70.954081633	2	2	3	2	0	0	2	2	3	2	1	4	2	3	0	2
88	1	1	1	41.92	0045	DIC2016	70.954081633	2	3	1	2	0	0	2	2	0	1	2	0	2	4	0	2
88	1	2	1	41.92	0045	DIC2016	70.954081633	2	2	3	2	0	0	2	2	0	2	1	5	2	3	0	2
88	1	1	2	42.58	0046	DIC2016	70.954081633	1	3	1	1	2	0	2	2	4	2	2	0	2	0	0	2
88	1	2	2	42.58	0046	DIC2016	70.954081633	2	3	2	1	1	0	2	2	3	1	2	0	2	1	0	1
88	1	3	2	42.58	0046	DIC2016	70.954081633	1	1	3	2	0	0	2	2	0	2	1	2	1	3	0	2
88	1	1	2	30.56	0047	DIC2016	70.954081633	2	3	1	1	0	0	2	2	1	1	2	0	2	1	0	1
88	1	2	2	30.56	0047	DIC2016	70.954081633	2	3	5	1	0	0	2	2	1	1	2	0	1	0	0	2
88	1	3	2	30.56	0047	DIC2016	70.954081633	1	3	5	1	0	0	2	2	1	2	2	0	1	1	0	1
88	1	4	2	30.56	0047	DIC2016	70.954081633	1	3	6	2	0	0	2	2	1	2	2	0	1	0	0	2
88	1	5	2	30.56	0047	DIC2016	70.954081633	1	1	3	2	0	0	2	2	3	2	1	2	1	3	0	2
88	1	6	2	30.56	0047	DIC2016	70.954081633	1	1	3	2	0	0	2	2	0	2	2	0	1	0	0	2
88	1	1	2	55.71	0048	DIC2016	70.954081633	1	3	1	1	2	0	2	2	3	2	2	0	2	4	0	1
88	1	2	2	55.71	0048	DIC2016	70.954081633	2	3	2	1	1	0	2	2	3	1	2	0	2	4	0	1
88	1	3	2	55.71	0048	DIC2016	70.954081633	2	3	3	2	0	0	2	2	3	2	2	0	2	1	0	1
88	1	5	2	55.71	0048	DIC2016	70.954081633	1	3	3	2	0	0	2	2	3	2	2	0	2	1	0	1
88	1	6	2	55.71	0048	DIC2016	70.954081633	1	1	4	2	0	3	2	2	3	2	2	0	1	0	0	2
88	1	1	2	26.62	0049	DIC2016	70.954081633	2	3	1	2	0	0	2	2	4	1	2	0	2	0	0	1
88	1	1	2	28.63	0050	DIC2016	70.954081633	2	3	1	2	0	0	2	2	3	1	2	0	2	1	0	1
88	1	1	1	52.36	0051	DIC2016	70.954081633	2	3	1	2	0	0	2	2	4	1	2	0	1	1	0	1
88	1	1	2	19.78	0052	DIC2016	70.954081633	2	3	1	1	2	0	2	2	0	1	2	0	1	1	0	1
88	1	2	2	19.78	0052	DIC2016	70.954081633	1	3	2	1	1	0	2	2	0	2	2	0	2	0	0	2
88	1	1	1	34.07	0053	DIC2016	70.954081633	2	3	1	2	0	0	2	2	4	1	2	0	1	0	0	2
88	1	2	1	34.07	0053	DIC2016	70.954081633	1	3	3	2	0	0	2	2	0	2	2	0	2	1	0	1
88	1	1	1	53.55	0054	DIC2016	70.954081633	1	3	1	1	2	0	2	2	3	2	2	0	2	1	0	1
88	1	2	1	53.55	0054	DIC2016	70.954081633	2	3	2	1	1	0	2	2	3	1	2	0	2	4	0	2
88	1	3	1	53.55	0054	DIC2016	70.954081633	2	2	3	2	0	0	2	2	3	2	1	4	2	3	0	2
88	1	1	1	11.94	0055	DIC2016	70.954081633	1	3	1	1	2	0	2	2	0	2	2	0	2	1	0	1
88	1	2	1	11.94	0055	DIC2016	70.954081633	2	3	2	1	1	0	2	2	0	1	2	0	2	0	0	2
88	1	3	1	11.94	0055	DIC2016	70.954081633	2	2	3	2	0	0	2	2	0	2	2	0	2	0	0	2
88	1	4	1	11.94	0055	DIC2016	70.954081633	1	2	3	2	0	0	2	2	0	2	1	4	2	3	0	2
88	1	1	1	31.69	0056	DIC2016	70.954081633	1	3	1	1	2	0	2	2	4	2	2	0	2	1	0	1
88	1	2	1	31.69	0056	DIC2016	70.954081633	2	3	2	1	1	0	2	2	4	1	2	0	2	0	0	2
88	1	3	1	31.69	0056	DIC2016	70.954081633	2	3	3	2	0	0	2	2	4	1	2	0	2	4	0	2
88	1	4	1	31.69	0056	DIC2016	70.954081633	2	1	4	2	0	3	2	2	2	2	2	0	1	0	0	2
88	1	1	2	17.22	0057	DIC2016	70.954081633	1	3	1	1	2	0	2	2	3	2	2	0	2	1	0	1
88	1	2	2	17.22	0057	DIC2016	70.954081633	2	3	2	1	1	0	2	2	3	1	2	0	2	4	0	2
88	1	3	2	17.22	0057	DIC2016	70.954081633	1	2	14	2	0	2	2	2	3	2	1	4	2	3	0	2
88	1	4	2	17.22	0057	DIC2016	70.954081633	2	1	3	2	0	0	2	2	3	2	1	1	1	3	0	2
88	1	5	2	17.22	0057	DIC2016	70.954081633	1	1	3	2	0	0	2	2	3	2	1	1	1	3	0	2
88	1	6	2	17.22	0057	DIC2016	70.954081633	2	1	3	2	0	0	2	2	3	2	2	0	1	0	0	2
88	1	1	2	39.75	0058	DIC2016	70.954081633	1	3	1	1	2	0	2	2	3	2	2	0	1	1	0	1
88	1	2	2	39.75	0058	DIC2016	70.954081633	2	3	2	1	1	0	2	2	3	1	2	0	2	1	0	1
88	1	3	2	39.75	0058	DIC2016	70.954081633	1	2	3	2	0	0	2	2	0	2	1	4	2	3	0	2
88	1	4	2	39.75	0058	DIC2016	70.954081633	1	3	14	2	0	0	2	2	0	2	2	0	2	0	0	2
88	1	1	2	62.12	0059	DIC2016	70.954081633	1	3	1	1	2	0	2	2	0	2	2	0	2	1	0	1
88	1	2	2	62.12	0059	DIC2016	70.954081633	2	3	2	1	1	0	2	2	0	1	2	0	2	4	0	2
88	1	1	2	42.09	0060	DIC2016	70.954081633	2	3	1	2	0	0	2	2	3	1	2	0	2	4	0	2
88	1	2	2	42.09	0060	DIC2016	70.954081633	2	3	3	1	3	0	2	2	3	2	2	0	2	4	0	2
88	1	3	2	42.09	0060	DIC2016	70.954081633	1	3	7	1	2	0	2	2	3	2	2	0	2	1	0	1
88	1	4	2	42.09	0060	DIC2016	70.954081633	2	2	4	2	0	2	2	2	3	2	1	4	2	3	0	2
88	1	5	2	42.09	0060	DIC2016	70.954081633	2	1	4	2	0	2	2	2	3	2	1	4	1	3	0	2
88	1	6	2	42.09	0060	DIC2016	70.954081633	1	3	3	2	0	0	2	2	3	2	2	0	2	1	0	1
88	1	1	1	44.32	0061	DIC2016	70.954081633	1	3	1	1	2	0	2	2	4	2	2	0	1	1	0	1
88	1	2	1	44.32	0061	DIC2016	70.954081633	2	3	2	1	1	0	2	2	4	1	2	0	1	4	0	2
88	1	1	2	21.5	0062	DIC2016	70.954081633	1	3	1	1	2	0	2	2	1	2	2	0	1	1	0	1
88	1	2	2	21.5	0062	DIC2016	70.954081633	2	3	2	1	1	0	2	2	4	1	2	0	2	4	0	2
88	1	3	2	21.5	0062	DIC2016	70.954081633	1	1	3	2	0	0	2	2	4	2	1	4	1	3	0	2
88	1	4	2	21.5	0062	DIC2016	70.954081633	2	1	3	2	0	0	2	2	4	2	1	2	1	3	0	2
88	1	1	2	12.78	0063	DIC2016	70.954081633	1	3	1	1	2	0	2	2	4	2	2	0	2	0	0	2
88	1	2	2	12.78	0063	DIC2016	70.954081633	2	3	2	1	1	0	2	2	4	1	2	0	2	4	0	2
88	1	3	2	12.78	0063	DIC2016	70.954081633	1	1	3	2	0	0	2	2	4	2	2	0	1	0	0	2
88	1	1	1	56.93	0064	DIC2016	70.954081633	2	3	1	2	0	0	2	2	1	1	2	0	2	4	0	1
88	1	1	2	39.15	0065	DIC2016	70.954081633	2	3	1	2	0	0	2	2	4	1	2	0	2	1	0	1
88	1	2	2	39.15	0065	DIC2016	70.954081633	1	1	3	2	0	0	2	2	1	2	1	5	1	3	0	2
88	1	3	2	39.15	0065	DIC2016	70.954081633	1	1	3	2	0	0	2	2	4	2	2	0	1	0	0	2
88	1	1	2	43.84	0066	DIC2016	70.954081633	1	3	1	1	2	0	2	2	1	2	2	0	1	1	0	1
88	1	2	2	43.84	0066	DIC2016	70.954081633	2	3	2	1	1	0	2	2	2	1	2	0	2	1	0	1
88	1	3	2	43.84	0066	DIC2016	70.954081633	2	1	3	2	0	0	2	2	2	2	1	4	1	3	0	2
88	1	4	2	43.84	0066	DIC2016	70.954081633	2	1	3	2	0	0	2	2	2	2	1	4	1	3	0	2
88	1	1	1	40.91	0067	DIC2016	70.954081633	2	3	1	2	0	0	2	2	1	1	2	0	1	1	0	1
88	1	2	1	40.91	0067	DIC2016	70.954081633	2	2	3	2	0	0	2	2	1	2	1	4	2	3	0	2
88	1	1	1	53.47	0068	DIC2016	70.954081633	1	3	1	1	2	0	2	2	3	2	2	0	2	1	0	1
88	1	2	1	53.47	0068	DIC2016	70.954081633	2	3	2	1	1	0	2	2	3	1	2	0	2	1	0	1
88	1	3	1	53.47	0068	DIC2016	70.954081633	2	3	3	2	0	0	2	2	4	1	2	0	2	0	0	2
88	1	4	1	53.47	0068	DIC2016	70.954081633	1	1	4	2	0	3	2	2	4	2	1	4	1	3	0	2
88	1	5	1	53.47	0068	DIC2016	70.954081633	2	1	4	2	0	3	2	2	0	2	2	0	1	0	0	2
88	1	1	1	54.7	0069	DIC2016	70.954081633	1	3	1	2	0	0	2	2	0	2	2	0	2	1	0	1
88	1	1	2	42.94	0070	DIC2016	70.954081633	2	3	1	1	2	0	2	2	3	1	2	0	2	1	0	1
88	1	2	2	42.94	0070	DIC2016	70.954081633	1	3	2	1	1	0	2	2	3	2	2	0	1	1	0	1
88	1	3	2	42.94	0070	DIC2016	70.954081633	2	3	3	2	0	0	2	2	3	1	2	0	2	1	0	1
88	1	4	2	42.94	0070	DIC2016	70.954081633	1	2	4	2	0	3	2	2	3	2	1	4	2	3	0	2
88	1	5	2	42.94	0070	DIC2016	70.954081633	2	1	4	2	0	3	2	2	3	2	1	4	1	3	0	2
88	1	7	2	42.94	0070	DIC2016	70.954081633	2	1	14	2	0	0	2	2	0	2	1	4	1	3	0	2
88	1	1	2	26.81	0071	DIC2016	70.954081633	2	3	1	2	0	0	2	2	4	1	2	0	2	1	0	1
88	1	2	2	26.81	0071	DIC2016	70.954081633	2	3	3	2	0	0	2	2	4	2	2	0	2	1	0	1
88	1	3	2	26.81	0071	DIC2016	70.954081633	2	2	3	2	0	0	2	2	4	2	1	4	2	3	0	2
88	1	4	2	26.81	0071	DIC2016	70.954081633	2	1	3	2	0	0	2	2	4	2	1	4	2	3	0	2
88	1	5	2	26.81	0071	DIC2016	70.954081633	2	1	4	2	0	3	2	2	0	2	2	0	1	0	0	2
88	1	1	1	49.17	0072	DIC2016	70.954081633	1	3	1	1	2	0	2	2	4	2	2	0	2	1	0	1
88	1	2	1	49.17	0072	DIC2016	70.954081633	2	3	2	1	1	0	2	2	4	1	2	0	2	4	0	2
88	1	3	1	49.17	0072	DIC2016	70.954081633	2	2	3	2	0	0	2	2	4	2	1	4	2	3	0	2
88	1	4	1	49.17	0072	DIC2016	70.954081633	1	2	3	2	0	0	2	2	4	2	1	4	2	3	0	2
88	1	1	2	48.89	0073	DIC2016	70.954081633	1	3	1	1	2	0	2	2	4	2	2	0	2	1	0	1
88	1	2	2	48.89	0073	DIC2016	70.954081633	2	3	2	1	1	0	2	2	4	1	2	0	2	1	0	1
88	1	4	2	48.89	0073	DIC2016	70.954081633	2	2	3	2	0	0	2	2	4	2	1	4	2	3	0	2
88	1	1	2	24.9	0074	DIC2016	70.954081633	2	3	1	1	5	0	2	2	0	1	2	0	2	1	0	1
88	1	2	2	24.9	0074	DIC2016	70.954081633	1	1	3	2	0	0	2	2	0	2	1	4	1	3	0	2
88	1	3	2	24.9	0074	DIC2016	70.954081633	1	1	3	2	0	0	2	2	0	2	2	0	1	0	0	2
88	1	4	2	24.9	0074	DIC2016	70.954081633	1	1	3	2	0	0	2	2	0	2	2	0	1	0	0	2
88	1	5	2	24.9	0074	DIC2016	70.954081633	1	3	2	1	1	0	2	2	0	2	2	0	2	1	0	1
88	1	1	2	37.48	0075	DIC2016	70.954081633	1	3	1	1	2	0	2	2	4	2	2	0	1	1	0	1
88	1	2	2	37.48	0075	DIC2016	70.954081633	2	3	2	1	1	0	2	2	0	1	2	0	2	4	0	2
88	1	3	2	37.48	0075	DIC2016	70.954081633	1	3	3	2	0	0	2	2	0	2	2	0	2	1	0	1
88	1	1	2	38.65	0076	DIC2016	70.954081633	2	3	1	2	0	0	2	2	0	2	2	0	2	1	0	1
88	1	1	1	21.71	0077	DIC2016	70.954081633	2	3	1	2	0	0	2	2	0	1	2	0	2	1	0	1
88	1	2	1	21.71	0077	DIC2016	70.954081633	2	3	3	2	0	0	2	2	0	2	2	0	2	0	0	2
88	1	3	1	21.71	0077	DIC2016	70.954081633	1	1	4	2	0	2	2	2	0	2	2	0	1	0	0	2
88	1	1	2	33.42	0078	DIC2016	70.954081633	2	3	1	1	2	0	2	2	3	1	2	0	1	1	0	1
88	1	2	2	33.42	0078	DIC2016	70.954081633	1	3	2	1	1	0	2	2	3	2	2	0	2	1	0	1
88	1	3	2	33.42	0078	DIC2016	70.954081633	1	1	3	2	0	0	2	2	3	2	1	4	1	3	0	2
88	1	1	1	54.1	0079	DIC2016	70.954081633	1	3	1	1	2	0	2	2	3	2	2	0	2	1	0	1
88	1	2	1	54.1	0079	DIC2016	70.954081633	2	3	2	1	1	0	2	2	3	1	2	0	2	4	0	2
88	1	3	1	54.1	0079	DIC2016	70.954081633	1	2	3	2	0	0	2	2	3	2	1	4	2	3	0	2
88	1	1	1	40.32	0080	DIC2016	70.954081633	1	3	1	1	2	0	2	2	1	2	2	0	2	1	0	1
88	1	2	1	40.32	0080	DIC2016	70.954081633	2	3	2	1	1	0	2	2	1	1	2	0	2	1	0	1
88	1	3	1	40.32	0080	DIC2016	70.954081633	2	3	9	2	0	0	2	2	4	1	2	0	1	0	0	1
88	2	1	1	44.11	0080	DIC2016	70.954081633	1	3	1	1	2	0	2	2	0	2	2	0	2	1	0	1
88	2	2	1	44.11	0080	DIC2016	70.954081633	2	3	2	1	1	0	2	2	4	1	2	0	2	4	0	2
88	2	3	1	44.11	0080	DIC2016	70.954081633	2	1	3	2	0	0	2	2	4	2	1	4	1	3	0	2
88	2	4	1	44.11	0080	DIC2016	70.954081633	1	1	3	2	0	0	2	2	0	2	2	0	1	0	0	2
88	3	1	1	18.79	0080	DIC2016	70.954081633	1	3	1	1	2	0	2	2	0	2	2	0	2	1	0	1
88	3	2	1	18.79	0080	DIC2016	70.954081633	2	3	2	1	1	0	2	2	0	1	2	0	1	4	0	2
88	3	3	1	18.79	0080	DIC2016	70.954081633	1	1	3	2	0	0	2	2	4	2	2	0	1	0	0	2
88	3	4	1	18.79	0080	DIC2016	70.954081633	1	1	3	2	0	0	2	2	4	2	2	0	1	0	0	2
88	3	5	1	18.79	0080	DIC2016	70.954081633	1	1	3	2	0	0	2	2	1	2	2	0	1	0	0	2
88	4	1	1	38.95	0080	DIC2016	70.954081633	1	3	1	1	2	0	2	2	4	2	2	0	2	1	0	1
88	1	1	2	46.29	0081	DIC2016	70.954081633	1	3	1	1	2	0	2	2	3	2	2	0	2	1	0	1
88	1	2	2	46.29	0081	DIC2016	70.954081633	2	3	2	1	1	0	2	2	3	1	2	0	2	1	0	1
88	1	3	2	46.29	0081	DIC2016	70.954081633	1	1	3	2	0	0	2	2	3	2	1	4	1	3	0	2
88	1	4	2	46.29	0081	DIC2016	70.954081633	2	1	3	2	0	0	2	2	3	2	2	0	1	0	0	2
88	1	1	1	22.76	0082	DIC2016	70.954081633	2	3	1	2	0	0	2	2	0	1	2	0	2	2	20	1
88	1	2	1	22.76	0082	DIC2016	70.954081633	2	1	3	2	0	0	2	2	0	2	2	0	1	0	0	2
88	1	1	2	45.44	0083	DIC2016	70.954081633	1	3	1	1	2	0	2	2	1	2	2	0	2	1	0	1
88	1	2	2	45.44	0083	DIC2016	70.954081633	2	3	2	1	1	0	2	2	1	1	2	0	2	4	0	2
88	1	3	2	45.44	0083	DIC2016	70.954081633	1	2	3	2	0	0	2	2	1	2	1	4	2	3	0	2
88	1	4	2	45.44	0083	DIC2016	70.954081633	2	2	11	2	0	0	2	2	1	2	1	4	2	3	0	2
88	1	1	1	57.79	0084	DIC2016	70.954081633	1	3	1	1	0	0	2	2	3	2	2	0	2	1	0	1
88	1	1	1	24.43	0085	DIC2016	70.954081633	1	3	1	2	0	0	2	2	0	2	2	0	2	1	0	1
88	1	1	2	32.92	0086	DIC2016	70.954081633	2	3	1	1	3	0	2	2	4	1	2	0	2	4	0	2
88	1	2	2	32.92	0086	DIC2016	70.954081633	2	2	3	2	0	0	2	2	4	2	1	4	1	3	0	2
88	1	3	2	32.92	0086	DIC2016	70.954081633	1	3	2	1	1	0	2	2	0	2	2	0	2	1	0	1
88	1	1	1	14.66	0087	DIC2016	70.954081633	1	3	1	1	2	0	2	2	4	2	2	0	2	2	8	1
88	1	2	1	14.66	0087	DIC2016	70.954081633	2	2	2	1	1	0	2	2	4	2	1	4	2	3	0	2
88	1	3	1	14.66	0087	DIC2016	70.954081633	1	1	3	2	0	0	2	2	0	2	2	0	1	0	0	2
88	1	1	2	41.77	0088	DIC2016	70.954081633	1	3	1	1	2	0	2	2	4	2	2	0	2	2	12	1
88	1	2	2	41.77	0088	DIC2016	70.954081633	2	3	2	1	1	0	2	2	4	1	2	0	2	2	11	2
88	1	3	2	41.77	0088	DIC2016	70.954081633	2	1	3	2	0	0	2	2	4	2	1	4	1	3	0	2
88	1	4	2	41.77	0088	DIC2016	70.954081633	2	1	3	2	0	0	2	2	4	2	1	4	1	3	0	2
88	1	5	2	41.77	0088	DIC2016	70.954081633	1	1	3	2	0	0	2	2	4	2	2	0	1	0	0	2
88	1	1	1	52.99	0089	DIC2016	70.954081633	1	3	1	1	2	0	2	2	4	2	2	0	2	1	0	1
88	1	2	1	52.99	0089	DIC2016	70.954081633	2	3	2	1	1	0	2	2	4	1	2	0	2	4	0	2
88	1	3	1	52.99	0089	DIC2016	70.954081633	1	3	3	2	0	0	2	2	4	2	2	0	2	1	0	1
88	1	4	1	52.99	0089	DIC2016	70.954081633	1	2	3	2	0	0	2	2	4	2	1	4	2	3	0	2
88	1	5	1	52.99	0089	DIC2016	70.954081633	1	1	3	2	0	0	2	2	4	2	1	4	1	3	0	2
88	1	1	2	44.85	0090	DIC2016	70.954081633	1	3	1	1	2	0	2	2	1	2	2	0	2	4	0	1
88	1	3	2	44.85	0090	DIC2016	70.954081633	1	2	3	2	0	0	2	2	1	2	1	4	2	3	0	2
88	1	1	2	24.75	0091	DIC2016	70.954081633	1	3	1	1	2	0	2	2	1	2	2	0	2	1	0	1
88	1	2	2	24.75	0091	DIC2016	70.954081633	2	3	2	1	1	0	2	2	4	1	2	0	2	4	0	2
88	1	3	2	24.75	0091	DIC2016	70.954081633	2	1	3	2	0	0	2	2	1	2	1	4	1	3	0	2
88	1	4	2	24.75	0091	DIC2016	70.954081633	2	1	3	2	0	0	2	2	1	2	1	4	1	3	0	2
88	1	5	2	24.75	0091	DIC2016	70.954081633	2	1	3	2	0	0	2	2	1	2	1	1	1	0	0	2
88	1	1	1	22.48	0092	DIC2016	70.954081633	1	3	1	1	2	0	2	2	4	2	2	0	2	1	0	1
88	1	2	1	22.48	0092	DIC2016	70.954081633	2	3	2	1	1	0	2	2	4	1	2	0	2	4	0	2
88	1	3	1	22.48	0092	DIC2016	70.954081633	2	3	14	2	0	0	2	2	4	1	2	0	2	1	0	1
88	1	4	1	22.48	0092	DIC2016	70.954081633	2	3	3	2	0	0	2	2	4	1	2	0	2	2	3	2
88	1	5	1	22.48	0092	DIC2016	70.954081633	1	1	4	2	0	4	2	2	0	2	2	0	1	0	0	2
88	1	6	1	22.48	0092	DIC2016	70.954081633	1	1	4	2	0	3	2	2	0	2	2	0	1	0	0	2
88	1	1	1	16.69	0093	DIC2016	70.954081633	1	3	1	1	2	0	2	2	0	2	2	0	1	1	0	1
88	1	2	1	16.69	0093	DIC2016	70.954081633	2	3	2	1	1	0	2	2	0	1	2	0	2	4	0	2
88	1	3	1	16.69	0093	DIC2016	70.954081633	1	1	3	2	0	0	2	2	0	2	2	0	1	1	0	1
88	1	4	1	16.69	0093	DIC2016	70.954081633	2	3	3	2	0	0	2	2	3	1	2	0	2	1	0	1
88	1	5	1	16.69	0093	DIC2016	70.954081633	2	1	4	2	0	2	2	2	3	2	1	4	1	3	0	2
88	1	1	1	3.47	0094	DIC2016	70.954081633	2	3	1	2	0	0	2	2	0	1	2	0	1	1	0	1
88	1	1	2	50.8	0095	DIC2016	70.954081633	2	3	1	2	0	0	2	2	3	1	2	0	2	4	0	1
88	1	2	2	50.8	0095	DIC2016	70.954081633	1	1	3	2	0	0	2	2	3	2	1	5	1	3	0	2
88	1	3	2	50.8	0095	DIC2016	70.954081633	2	1	3	2	0	0	2	2	3	2	1	5	1	3	0	2
88	1	1	2	17.2	0096	DIC2016	70.954081633	1	3	1	2	0	0	2	2	0	2	2	0	2	1	0	1
88	1	1	1	50.33	0097	DIC2016	70.954081633	2	3	1	2	0	0	2	2	4	1	2	0	1	1	0	1
88	1	2	1	50.33	0097	DIC2016	70.954081633	2	3	3	1	4	0	2	2	0	1	2	0	2	4	0	2
88	1	3	1	50.33	0097	DIC2016	70.954081633	1	1	4	2	0	2	2	2	0	2	1	4	1	3	0	2
88	1	4	1	50.33	0097	DIC2016	70.954081633	1	3	7	1	2	0	2	2	3	2	2	0	2	1	0	1
88	1	1	1	41.13	0098	DIC2016	70.954081633	1	2	1	1	0	0	2	2	0	2	2	0	2	1	0	1
88	1	1	1	47.48	0099	DIC2016	70.954081633	1	3	1	2	0	0	2	2	4	2	2	0	2	1	0	1
88	1	1	2	40.5	0100	DIC2016	70.954081633	1	3	1	1	2	0	2	2	1	2	2	0	2	1	0	1
88	1	2	2	40.5	0100	DIC2016	70.954081633	2	3	2	1	1	0	2	2	1	1	2	0	2	1	0	1
88	1	3	2	40.5	0100	DIC2016	70.954081633	2	2	3	2	0	0	2	2	1	2	1	4	2	3	0	2
88	1	4	2	40.5	0100	DIC2016	70.954081633	1	1	3	2	0	0	2	2	1	2	1	4	1	3	0	2
88	1	1	1	43.33	0101	DIC2016	70.954081633	2	3	1	2	0	0	2	2	0	1	2	0	2	1	0	1
88	1	2	1	43.33	0101	DIC2016	70.954081633	2	2	3	2	0	0	2	2	0	2	1	4	2	3	0	2
88	1	1	2	21.41	0102	DIC2016	70.954081633	1	3	1	1	2	0	2	2	1	2	2	0	1	1	0	1
88	1	2	2	21.41	0102	DIC2016	70.954081633	2	3	2	1	1	0	2	2	1	1	2	0	2	0	0	2
88	1	3	2	21.41	0102	DIC2016	70.954081633	1	1	3	2	0	0	2	2	1	2	1	2	1	0	0	2
88	1	4	2	21.41	0102	DIC2016	70.954081633	1	1	3	2	0	0	2	2	0	2	2	0	1	0	0	2
88	1	1	2	51.69	0103	DIC2016	70.954081633	1	3	1	1	2	0	2	2	1	2	2	0	2	1	0	1
88	1	2	2	51.69	0103	DIC2016	70.954081633	2	3	2	1	1	0	2	2	1	1	2	0	2	4	0	2
88	1	3	2	51.69	0103	DIC2016	70.954081633	2	3	3	2	0	0	2	2	4	1	2	0	2	2	24	2
88	1	4	2	51.69	0103	DIC2016	70.954081633	1	3	3	2	0	0	2	2	4	2	2	0	2	2	36	2
88	1	5	2	51.69	0103	DIC2016	70.954081633	1	1	4	2	0	3	2	2	0	2	1	4	1	3	0	2
88	1	1	2	22.31	0104	DIC2016	70.954081633	2	3	1	2	0	0	2	2	0	1	1	6	2	3	0	1
88	1	2	2	22.31	0104	DIC2016	70.954081633	2	1	3	2	0	0	2	2	0	2	1	4	1	3	0	2
88	1	1	1	46.68	0105	DIC2016	70.954081633	1	3	1	1	2	0	2	2	4	2	2	0	1	1	0	1
88	1	2	1	46.68	0105	DIC2016	70.954081633	2	3	2	1	1	0	2	2	1	1	2	0	2	1	0	1
88	1	3	1	46.68	0105	DIC2016	70.954081633	2	2	3	2	0	0	2	2	4	2	1	4	2	3	0	2
88	1	4	1	46.68	0105	DIC2016	70.954081633	2	2	3	2	0	0	2	2	4	2	1	4	2	3	0	2
88	1	1	1	28.7	0106	DIC2016	70.954081633	1	3	1	2	0	0	2	2	1	2	2	0	1	1	0	1
88	1	1	1	17.86	0107	DIC2016	70.954081633	1	3	1	2	0	0	2	2	3	2	2	0	2	1	0	1
88	1	2	1	17.86	0107	DIC2016	70.954081633	2	3	3	2	0	0	2	2	4	2	2	0	2	4	0	2
88	1	1	1	38.48	0108	DIC2016	70.954081633	1	3	1	1	2	0	2	2	0	2	2	0	1	1	0	1
88	1	2	1	38.48	0108	DIC2016	70.954081633	2	3	2	1	1	0	2	2	0	1	2	0	2	4	0	2
88	1	3	1	38.48	0108	DIC2016	70.954081633	2	2	3	2	0	0	2	2	0	2	1	4	1	3	0	2
88	1	4	1	38.48	0108	DIC2016	70.954081633	2	1	3	2	0	0	2	2	0	2	1	4	1	3	0	2
88	1	5	1	38.48	0108	DIC2016	70.954081633	2	1	3	2	0	0	2	2	0	2	2	0	1	0	0	2
88	1	1	2	37.24	0109	DIC2016	70.954081633	1	3	1	1	2	0	2	2	2	2	2	0	2	1	0	1
88	1	2	2	37.24	0109	DIC2016	70.954081633	2	3	2	1	1	0	2	2	2	1	2	0	2	4	0	2
88	1	3	2	37.24	0109	DIC2016	70.954081633	2	1	3	2	0	0	2	2	2	2	1	4	2	3	0	2
88	1	4	2	37.24	0109	DIC2016	70.954081633	2	1	3	2	0	0	2	2	2	2	1	4	1	3	0	2
88	1	5	2	37.24	0109	DIC2016	70.954081633	1	1	3	2	0	0	2	2	2	2	2	0	1	0	0	2
88	1	1	2	36.69	0110	DIC2016	70.954081633	2	3	1	2	0	0	2	2	3	1	2	0	2	1	0	1
88	1	2	2	36.69	0110	DIC2016	70.954081633	2	3	6	2	0	0	2	2	0	2	2	0	2	1	0	1
88	1	3	2	36.69	0110	DIC2016	70.954081633	1	2	3	2	0	0	2	2	3	2	1	4	1	3	0	2
88	1	4	2	36.69	0110	DIC2016	70.954081633	1	1	3	2	0	0	2	2	3	2	2	0	1	0	0	2
88	1	5	2	36.69	0110	DIC2016	70.954081633	1	1	11	2	0	2	2	2	0	2	2	0	1	0	0	2
88	1	1	1	11.81	0111	DIC2016	70.954081633	1	3	1	1	2	0	2	2	0	2	2	0	1	1	0	1
88	1	2	1	11.81	0111	DIC2016	70.954081633	2	3	2	1	1	0	2	2	0	1	2	0	2	4	0	2
88	1	3	1	11.81	0111	DIC2016	70.954081633	2	3	3	2	0	0	2	2	0	1	2	0	2	0	0	2
88	1	4	1	11.81	0111	DIC2016	70.954081633	1	2	3	2	0	0	2	2	0	2	1	4	2	3	0	2
88	1	5	1	11.81	0111	DIC2016	70.954081633	1	1	3	2	0	0	2	2	0	2	2	0	1	0	0	2
88	1	6	1	11.81	0111	DIC2016	70.954081633	2	1	4	2	0	3	2	2	0	2	2	0	1	0	0	2
88	1	7	1	11.81	0111	DIC2016	70.954081633	2	1	4	2	0	3	2	2	0	2	2	0	1	0	0	2
88	1	1	2	27.59	0112	DIC2016	70.954081633	2	3	1	1	2	0	2	2	3	1	2	0	2	2	4	2
88	1	2	2	27.59	0112	DIC2016	70.954081633	1	3	2	1	1	0	2	2	3	2	2	0	2	1	0	1
88	1	3	2	27.59	0112	DIC2016	70.954081633	1	2	3	2	0	0	2	2	3	2	1	4	2	3	0	2
88	1	4	2	27.59	0112	DIC2016	70.954081633	1	1	3	2	0	0	2	2	3	2	1	4	1	3	0	2
88	1	5	2	27.59	0112	DIC2016	70.954081633	1	1	3	2	0	0	2	2	3	2	1	4	1	3	0	2
88	1	1	2	30.05	0113	DIC2016	70.954081633	1	3	1	1	2	0	2	2	1	2	2	0	2	1	0	1
88	1	2	2	30.05	0113	DIC2016	70.954081633	2	3	2	1	1	0	2	2	1	2	2	0	2	4	0	2
88	1	3	2	30.05	0113	DIC2016	70.954081633	1	3	3	2	0	0	2	2	4	2	2	0	1	0	0	2
88	1	1	2	32.3	0114	DIC2016	70.954081633	1	3	1	1	2	0	2	2	4	2	2	0	2	1	0	1
88	1	2	2	32.3	0114	DIC2016	70.954081633	2	3	2	1	1	0	2	2	4	1	1	4	2	3	0	2
88	1	3	2	32.3	0114	DIC2016	70.954081633	1	1	3	2	0	0	2	2	4	2	1	4	1	3	0	2
88	1	4	2	32.3	0114	DIC2016	70.954081633	1	1	3	2	0	0	2	2	4	2	2	0	1	0	0	2
88	1	1	1	40.11	0115	DIC2016	70.954081633	1	3	1	1	2	0	2	2	4	2	2	0	2	1	0	1
88	1	2	1	40.11	0115	DIC2016	70.954081633	2	3	2	1	1	0	2	2	4	1	2	0	2	0	0	2
88	1	3	1	40.11	0115	DIC2016	70.954081633	2	2	3	2	0	0	2	2	4	2	1	4	2	3	0	2
88	1	4	1	40.11	0115	DIC2016	70.954081633	2	2	3	2	0	0	2	2	4	2	1	4	1	3	0	2
88	1	5	1	40.11	0115	DIC2016	70.954081633	2	1	3	2	0	0	2	2	4	2	1	4	1	3	0	2
88	1	1	2	25.62	0116	DIC2016	70.954081633	1	3	1	2	0	0	2	2	4	2	2	0	2	1	0	1
88	1	1	2	43.36	0117	DIC2016	70.954081633	1	3	1	1	2	0	2	2	1	2	2	0	2	1	0	1
88	1	2	2	43.36	0117	DIC2016	70.954081633	2	3	2	1	1	0	2	2	1	1	2	0	2	4	0	2
88	1	3	2	43.36	0117	DIC2016	70.954081633	1	2	3	2	0	0	2	2	1	2	1	4	2	3	0	2
88	1	4	2	43.36	0117	DIC2016	70.954081633	1	2	3	2	0	0	2	2	1	2	1	4	1	3	0	2
88	1	5	2	43.36	0117	DIC2016	70.954081633	2	2	3	2	0	0	2	2	1	2	1	4	1	3	0	2
88	1	1	2	45.37	0118	DIC2016	70.954081633	1	3	1	1	2	0	2	2	4	2	2	0	2	1	0	1
88	1	2	2	45.37	0118	DIC2016	70.954081633	2	3	2	1	1	0	2	2	4	1	2	0	2	0	0	2
88	1	3	2	45.37	0118	DIC2016	70.954081633	2	3	3	2	0	0	2	2	4	2	1	4	2	0	0	2
88	1	4	2	45.37	0118	DIC2016	70.954081633	2	2	3	2	0	0	2	2	4	2	1	4	2	0	0	2
88	1	5	2	45.37	0118	DIC2016	70.954081633	1	1	4	2	0	4	2	2	0	2	2	0	1	0	0	2
88	1	1	1	26.13	0119	DIC2016	70.954081633	1	3	1	2	0	0	2	2	4	2	2	0	1	1	0	1
88	1	1	2	29.86	0120	DIC2016	70.954081633	2	3	1	2	0	0	2	2	3	2	2	0	2	1	0	1
88	1	2	2	29.86	0120	DIC2016	70.954081633	1	3	3	1	3	0	2	2	3	2	2	0	2	1	0	1
88	1	3	2	29.86	0120	DIC2016	70.954081633	2	3	3	1	2	0	2	2	4	1	2	0	2	4	0	2
88	1	4	2	29.86	0120	DIC2016	70.954081633	1	1	4	2	0	2	2	2	4	2	2	0	1	0	0	2
88	1	5	2	29.86	0120	DIC2016	70.954081633	2	1	4	2	0	2	2	2	0	2	2	0	1	0	0	2
88	1	1	2	10.79	0121	DIC2016	70.954081633	1	3	1	1	2	0	2	2	4	2	2	0	2	1	0	1
88	1	2	2	10.79	0121	DIC2016	70.954081633	2	3	2	1	1	0	2	2	4	1	2	0	2	0	0	2
88	1	3	2	10.79	0121	DIC2016	70.954081633	2	1	3	2	0	0	2	2	4	2	2	0	1	0	0	2
88	1	4	2	10.79	0121	DIC2016	70.954081633	2	1	3	2	0	0	2	2	4	2	2	0	1	0	0	2
88	1	5	2	10.79	0121	DIC2016	70.954081633	1	3	5	2	0	0	2	2	4	2	2	0	2	0	0	2
88	1	1	1	38.9	0122	DIC2016	70.954081633	1	3	1	1	2	0	2	2	0	2	2	0	2	1	0	1
88	1	2	1	38.9	0122	DIC2016	70.954081633	2	3	2	1	1	0	2	2	4	1	2	0	2	4	0	2
88	1	3	1	38.9	0122	DIC2016	70.954081633	1	1	3	2	0	0	2	2	0	2	2	0	1	0	0	2
88	1	1	1	51.31	0123	DIC2016	70.954081633	2	3	1	2	0	0	2	2	3	2	2	0	2	1	0	1
88	1	1	2	16.68	0124	DIC2016	70.954081633	1	3	1	1	2	0	2	2	3	2	2	0	2	1	0	1
88	1	2	2	16.68	0124	DIC2016	70.954081633	2	3	2	1	1	0	2	2	3	1	2	0	2	1	0	1
88	1	3	2	16.68	0124	DIC2016	70.954081633	1	1	3	2	0	0	2	2	3	2	1	4	1	3	0	2
88	1	4	2	16.68	0124	DIC2016	70.954081633	1	1	3	2	0	0	2	2	3	2	1	4	1	3	0	2
88	1	1	2	32.38	0125	DIC2016	70.954081633	2	3	1	2	0	0	2	2	3	1	2	0	2	1	0	1
88	1	2	2	32.38	0125	DIC2016	70.954081633	1	3	3	2	0	0	2	2	4	2	2	0	2	4	0	2
88	1	3	2	32.38	0125	DIC2016	70.954081633	1	2	3	2	0	0	2	2	0	2	1	4	2	3	0	2
88	1	4	2	32.38	0125	DIC2016	70.954081633	2	1	4	2	0	0	2	2	3	2	1	4	1	3	0	2
88	1	5	2	32.38	0125	DIC2016	70.954081633	2	1	4	2	0	0	2	2	3	2	1	4	1	3	0	2
88	1	1	1	56.82	0126	DIC2016	70.954081633	1	3	1	1	0	0	2	2	3	2	2	0	2	1	0	1
88	1	1	1	49.11	0127	DIC2016	70.954081633	1	3	1	1	2	0	2	2	1	2	2	0	2	1	0	1
88	1	2	1	49.11	0127	DIC2016	70.954081633	2	3	2	1	1	0	2	2	1	1	2	0	2	0	0	2
88	1	3	1	49.11	0127	DIC2016	70.954081633	1	1	4	2	0	0	2	2	0	2	2	0	1	0	0	2
88	1	1	2	27.43	0128	DIC2016	70.954081633	2	3	1	2	0	0	2	2	4	2	2	0	2	1	0	1
88	1	1	1	56.84	0129	DIC2016	70.954081633	1	3	1	1	2	0	2	2	1	2	2	0	2	1	0	1
88	1	2	1	56.84	0129	DIC2016	70.954081633	2	3	2	1	1	0	2	2	3	1	2	0	2	3	0	2
88	1	3	1	56.84	0129	DIC2016	70.954081633	2	3	3	2	0	0	2	2	1	2	1	4	2	3	0	2
88	1	4	1	56.84	0129	DIC2016	70.954081633	1	2	3	2	0	0	2	2	1	2	1	4	2	3	0	2
88	1	1	2	37.34	0130	DIC2016	70.954081633	1	3	1	1	2	0	2	2	4	2	2	0	2	2	16	1
88	1	2	2	37.34	0130	DIC2016	70.954081633	2	3	2	1	1	0	2	2	4	1	2	0	2	4	0	2
88	1	3	2	37.34	0130	DIC2016	70.954081633	1	1	3	2	0	0	2	2	4	2	1	4	1	3	0	2
88	1	4	2	37.34	0130	DIC2016	70.954081633	2	1	3	2	0	0	2	2	4	2	1	4	1	3	0	2
88	1	5	2	37.34	0130	DIC2016	70.954081633	1	1	3	2	0	0	2	2	4	2	2	0	1	0	0	2
88	1	1	2	34.92	0131	DIC2016	70.954081633	1	3	1	2	0	0	2	2	0	2	2	0	2	1	0	1
88	1	1	1	20.72	0132	DIC2016	70.954081633	1	3	1	1	2	0	2	2	0	2	2	0	2	1	0	1
88	1	2	1	20.72	0132	DIC2016	70.954081633	2	3	2	1	1	0	2	2	2	1	2	0	2	4	0	2
88	1	3	1	20.72	0132	DIC2016	70.954081633	1	1	3	2	0	0	2	2	0	2	1	4	1	3	0	2
88	1	1	1	51.65	0133	DIC2016	70.954081633	2	3	1	1	0	0	2	2	3	1	2	0	2	4	0	2
88	1	2	1	51.65	0133	DIC2016	70.954081633	1	3	3	2	0	0	2	2	3	2	1	4	2	3	0	2
88	1	1	2	54.23	0134	DIC2016	70.954081633	1	3	1	1	2	0	2	2	3	2	2	0	2	1	0	1
88	1	2	2	54.23	0134	DIC2016	70.954081633	2	3	2	1	1	0	2	2	3	1	2	0	2	0	0	2
88	1	3	2	54.23	0134	DIC2016	70.954081633	1	1	3	2	0	0	2	2	3	2	1	4	1	3	0	2
88	1	1	1	36.04	0135	DIC2016	70.954081633	2	3	1	2	0	0	2	2	4	1	2	0	1	1	0	1
88	1	2	1	36.04	0135	DIC2016	70.954081633	1	3	3	1	3	0	2	2	4	2	2	0	2	1	0	1
88	1	3	1	36.04	0135	DIC2016	70.954081633	2	3	7	1	2	0	2	2	4	1	2	0	2	4	0	2
88	1	4	1	36.04	0135	DIC2016	70.954081633	2	1	4	2	0	2	2	2	4	2	1	4	1	3	0	2
88	1	5	1	36.04	0135	DIC2016	70.954081633	1	1	4	2	0	2	2	2	4	2	2	0	1	3	0	2
88	1	6	1	36.04	0135	DIC2016	70.954081633	2	3	3	2	0	0	2	2	4	1	2	0	2	4	0	2
88	1	7	1	36.04	0135	DIC2016	70.954081633	1	1	4	2	0	6	2	2	4	2	1	5	1	3	0	2
88	1	8	1	36.04	0135	DIC2016	70.954081633	1	3	11	2	0	0	2	2	4	2	2	0	2	1	0	1
88	1	1	2	27.24	0136	DIC2016	70.954081633	1	3	1	1	2	0	2	2	1	2	2	0	2	1	0	1
88	1	2	2	27.24	0136	DIC2016	70.954081633	2	3	2	1	1	0	2	2	1	1	2	0	2	1	0	1
88	1	3	2	27.24	0136	DIC2016	70.954081633	2	1	3	2	0	0	2	2	1	2	1	2	1	3	0	2
88	1	4	2	27.24	0136	DIC2016	70.954081633	2	1	3	2	0	0	2	2	1	2	2	0	1	0	0	2
88	1	5	2	27.24	0136	DIC2016	70.954081633	2	1	3	2	0	0	2	2	1	2	2	0	1	0	0	2
88	2	2	2	16.69	0136	DIC2016	70.954081633	2	1	3	2	0	0	2	2	4	2	2	0	1	0	0	2
88	1	1	2	47.63	0137	DIC2016	70.954081633	1	3	1	1	2	0	2	2	1	2	2	0	2	1	0	1
88	1	2	2	47.63	0137	DIC2016	70.954081633	2	3	2	1	1	0	2	2	3	1	2	0	2	1	0	1
88	1	3	2	47.63	0137	DIC2016	70.954081633	1	3	3	2	0	0	2	2	3	2	2	0	2	1	0	1
88	1	4	2	47.63	0137	DIC2016	70.954081633	1	2	3	2	0	0	2	2	3	2	1	4	2	3	0	2
88	1	5	2	47.63	0137	DIC2016	70.954081633	1	2	3	2	0	0	2	2	3	2	1	4	2	3	0	2
88	1	1	1	34.5	0138	DIC2016	70.954081633	1	3	1	1	2	0	2	2	3	2	2	0	2	1	0	1
88	1	2	1	34.5	0138	DIC2016	70.954081633	2	3	2	1	1	0	2	2	3	1	2	0	2	1	0	1
88	1	3	1	34.5	0138	DIC2016	70.954081633	2	1	3	2	0	0	2	2	3	2	1	2	1	3	0	2
88	1	4	1	34.5	0138	DIC2016	70.954081633	2	1	3	2	0	0	2	2	3	2	2	0	1	0	0	2
88	1	2	1	41.36	0139	DIC2016	70.954081633	1	3	3	1	3	0	2	2	0	2	2	0	2	0	0	2
88	1	3	1	41.36	0139	DIC2016	70.954081633	2	3	7	1	2	0	2	2	0	1	2	0	2	4	0	2
88	1	4	1	41.36	0139	DIC2016	70.954081633	1	1	4	2	0	3	2	2	0	2	2	0	1	0	0	2
88	1	5	1	41.36	0139	DIC2016	70.954081633	2	1	4	2	0	3	2	2	0	2	2	0	1	0	0	2
88	1	6	1	41.36	0139	DIC2016	70.954081633	2	3	3	2	0	0	2	2	0	2	2	0	2	0	0	2
88	1	1	1	40.52	0140	DIC2016	70.954081633	2	3	1	2	0	0	2	2	1	1	2	0	2	4	0	2
88	1	2	1	40.52	0140	DIC2016	70.954081633	1	3	3	2	0	0	2	2	1	2	2	0	2	1	0	1
88	1	1	1	21.2	0141	DIC2016	70.954081633	1	3	1	1	2	0	2	2	4	2	2	0	2	1	0	1
88	1	2	1	21.2	0141	DIC2016	70.954081633	2	3	2	1	1	0	2	2	4	1	2	0	2	4	0	2
88	1	3	1	21.2	0141	DIC2016	70.954081633	1	2	3	2	0	0	2	2	4	2	1	4	2	3	0	2
88	1	4	1	21.2	0141	DIC2016	70.954081633	1	2	3	2	0	0	2	2	4	2	1	4	2	3	0	2
88	1	5	1	21.2	0141	DIC2016	70.954081633	1	1	3	2	0	0	2	2	4	2	2	0	1	0	0	2
88	1	6	1	21.2	0141	DIC2016	70.954081633	1	1	4	2	0	3	2	2	1	2	2	0	1	0	0	2
88	1	1	1	39.25	0142	DIC2016	70.954081633	1	3	1	1	2	0	2	2	1	2	2	0	2	1	0	1
88	1	2	1	39.25	0142	DIC2016	70.954081633	2	3	2	1	1	0	2	2	4	1	2	0	2	4	0	2
88	1	3	1	39.25	0142	DIC2016	70.954081633	1	1	3	2	0	0	2	2	4	2	2	0	1	0	0	2
88	1	4	1	39.25	0142	DIC2016	70.954081633	2	1	3	2	0	0	2	2	4	2	1	4	1	3	0	2
88	1	5	1	39.25	0142	DIC2016	70.954081633	1	1	3	2	0	0	2	2	0	2	2	0	1	0	0	2
88	1	1	1	14.23	0143	DIC2016	70.954081633	1	3	1	2	0	0	2	2	0	2	2	0	1	2	30	1
88	1	1	2	47.15	0144	DIC2016	70.954081633	2	3	1	1	0	0	2	2	4	1	2	0	1	4	0	2
88	1	2	2	47.15	0144	DIC2016	70.954081633	1	2	3	2	0	0	2	2	4	2	1	4	2	3	0	2
88	1	1	1	52.87	0145	DIC2016	70.954081633	2	3	1	1	2	0	2	2	0	1	2	0	2	4	0	2
88	1	2	1	52.87	0145	DIC2016	70.954081633	1	3	2	1	1	0	2	2	0	2	2	0	1	1	0	1
88	1	3	1	52.87	0145	DIC2016	70.954081633	2	3	3	2	0	0	2	2	0	2	1	4	2	3	0	2
88	1	4	1	52.87	0145	DIC2016	70.954081633	1	1	3	2	0	0	2	2	0	2	1	4	1	3	0	2
88	1	1	2	59.47	0146	DIC2016	70.954081633	2	3	1	1	2	0	2	2	0	2	1	6	2	3	0	2
88	1	2	2	59.47	0146	DIC2016	70.954081633	1	3	2	1	1	0	2	2	1	2	2	0	2	1	0	1
88	1	3	2	59.47	0146	DIC2016	70.954081633	2	3	6	2	0	0	2	1	3	2	2	0	2	2	1	2
88	1	1	2	44.89	0147	DIC2016	70.954081633	2	3	1	2	0	0	2	2	1	1	2	0	2	1	0	1
88	1	2	2	44.89	0147	DIC2016	70.954081633	2	2	3	2	0	0	2	2	4	2	1	4	2	3	0	2
88	1	3	2	44.89	0147	DIC2016	70.954081633	1	3	3	2	0	0	2	2	1	2	2	0	2	1	0	1
88	1	1	2	35.59	0148	DIC2016	70.954081633	1	3	1	1	2	0	2	2	1	2	2	0	2	0	0	1
88	1	3	2	35.59	0148	DIC2016	70.954081633	2	3	3	1	6	0	2	2	4	1	2	0	2	2	10	2
88	1	6	2	35.59	0148	DIC2016	70.954081633	1	3	7	1	3	0	2	2	4	2	2	0	2	2	40	2
88	1	7	2	35.59	0148	DIC2016	70.954081633	2	3	3	2	0	0	2	2	0	2	2	0	2	2	40	2
88	1	1	1	38.25	0149	DIC2016	70.954081633	2	3	1	1	2	0	2	2	3	1	2	0	2	1	0	1
88	1	2	1	38.25	0149	DIC2016	70.954081633	1	3	2	1	1	0	2	2	3	2	2	0	2	1	0	1
88	1	3	1	38.25	0149	DIC2016	70.954081633	2	2	3	2	0	0	2	2	3	2	1	5	2	3	0	2
88	1	4	1	38.25	0149	DIC2016	70.954081633	1	1	3	2	0	0	2	2	3	2	1	5	1	3	0	2
88	1	1	2	23.03	0150	DIC2016	70.954081633	1	3	1	1	2	0	2	2	4	2	2	0	2	0	0	2
88	1	3	2	23.03	0150	DIC2016	70.954081633	1	2	3	2	0	0	2	2	4	2	1	4	2	3	0	2
88	1	6	2	23.03	0150	DIC2016	70.954081633	2	1	4	2	0	3	2	2	0	2	2	0	1	0	0	2
88	1	1	1	43.76	0151	DIC2016	70.954081633	1	3	1	1	2	0	2	2	4	2	2	0	2	1	0	1
88	1	2	1	43.76	0151	DIC2016	70.954081633	2	3	2	1	1	0	2	2	4	1	2	0	2	4	0	2
88	1	3	1	43.76	0151	DIC2016	70.954081633	1	1	3	2	0	0	2	2	4	2	2	0	1	0	0	2
88	1	4	1	43.76	0151	DIC2016	70.954081633	1	1	3	2	0	0	2	2	3	2	2	0	1	0	0	2
88	1	1	1	27.04	0152	DIC2016	70.954081633	2	3	1	2	0	0	2	2	1	1	2	0	2	1	0	1
88	1	2	1	27.04	0152	DIC2016	70.954081633	1	3	3	2	0	0	2	2	0	2	2	0	2	0	0	2
88	1	3	1	27.04	0152	DIC2016	70.954081633	1	2	3	2	0	0	2	2	0	2	1	6	2	3	0	2
88	1	4	1	27.04	0152	DIC2016	70.954081633	1	1	4	2	0	3	2	2	0	2	2	0	1	0	0	2
88	1	5	1	27.04	0152	DIC2016	70.954081633	2	3	7	1	0	0	2	2	0	2	2	0	2	0	0	2
88	1	1	1	45.01	0153	DIC2016	70.954081633	1	3	1	1	2	0	2	2	3	2	2	0	2	1	0	1
88	1	2	1	45.01	0153	DIC2016	70.954081633	2	3	2	1	1	0	2	2	3	1	2	0	2	4	0	2
88	1	1	1	15.72	0154	DIC2016	70.954081633	1	3	1	1	2	0	2	2	4	2	2	0	2	1	0	1
88	1	2	1	15.72	0154	DIC2016	70.954081633	2	3	2	1	1	0	2	2	4	1	2	0	2	4	0	2
88	1	3	1	15.72	0154	DIC2016	70.954081633	2	1	3	2	0	0	2	2	4	2	2	0	1	0	0	2
88	1	1	1	18.99	0155	DIC2016	70.954081633	2	3	1	1	2	0	2	2	1	2	2	0	2	1	0	1
88	1	2	1	18.99	0155	DIC2016	70.954081633	1	3	2	1	1	0	2	2	4	2	2	0	2	0	0	2
88	1	1	1	44.54	0156	DIC2016	70.954081633	2	3	1	2	0	0	2	2	3	1	2	0	2	1	0	1
88	1	2	1	44.54	0156	DIC2016	70.954081633	2	2	3	2	0	0	2	2	3	2	1	4	2	3	0	2
88	1	3	1	44.54	0156	DIC2016	70.954081633	2	2	3	2	0	0	2	2	3	2	1	4	2	3	0	2
88	1	1	1	17.67	0157	DIC2016	70.954081633	1	3	1	2	0	0	2	2	0	2	2	0	1	1	0	1
88	1	2	1	17.67	0157	DIC2016	70.954081633	1	3	3	2	0	0	2	2	0	2	2	0	1	2	12	2
88	1	1	2	26.09	0158	DIC2016	70.954081633	1	3	1	1	2	0	2	2	4	2	2	0	2	0	0	2
88	1	2	2	26.09	0158	DIC2016	70.954081633	2	3	2	1	1	0	2	2	4	1	2	0	2	4	0	2
88	1	3	2	26.09	0158	DIC2016	70.954081633	1	2	3	2	0	0	2	2	4	2	1	4	2	3	0	2
88	1	1	2	35.85	0159	DIC2016	70.954081633	1	3	1	1	2	0	2	2	3	2	2	0	2	1	0	1
88	1	2	2	35.85	0159	DIC2016	70.954081633	2	3	2	1	1	0	2	2	3	1	2	0	1	4	0	2
88	1	3	2	35.85	0159	DIC2016	70.954081633	1	2	3	2	0	0	2	2	3	2	1	4	2	3	0	2
88	1	4	2	35.85	0159	DIC2016	70.954081633	1	1	3	2	0	0	2	2	3	2	1	4	1	3	0	2
88	1	1	2	46.46	0160	DIC2016	70.954081633	1	3	1	1	2	0	2	2	1	2	2	0	2	1	0	1
88	1	2	2	46.46	0160	DIC2016	70.954081633	2	3	2	1	1	0	2	2	1	1	2	0	2	0	0	2
88	1	3	2	46.46	0160	DIC2016	70.954081633	1	2	3	2	0	0	2	2	1	2	1	4	2	3	0	2
88	1	4	2	46.46	0160	DIC2016	70.954081633	1	2	3	2	0	0	2	2	1	2	1	4	1	3	0	2
88	1	1	2	48.83	0161	DIC2016	70.954081633	1	3	1	1	2	0	2	2	4	2	2	0	2	1	0	1
88	1	2	2	48.83	0161	DIC2016	70.954081633	2	3	2	1	1	0	2	2	4	1	2	0	2	4	0	2
88	1	3	2	48.83	0161	DIC2016	70.954081633	1	3	3	2	0	0	2	2	4	2	1	6	2	3	0	2
88	1	4	2	48.83	0161	DIC2016	70.954081633	2	2	3	2	0	0	2	2	4	2	2	0	2	3	0	2
88	1	5	2	48.83	0161	DIC2016	70.954081633	1	3	3	2	0	0	2	2	3	2	2	0	2	1	0	1
88	1	6	2	48.83	0161	DIC2016	70.954081633	2	1	4	2	0	4	2	2	0	2	2	0	1	0	0	2
88	1	1	2	41.48	0162	DIC2016	70.954081633	1	3	1	1	2	0	2	2	3	2	2	0	2	1	0	1
88	1	2	2	41.48	0162	DIC2016	70.954081633	2	3	2	1	1	0	2	2	1	1	2	0	1	4	0	2
88	1	3	2	41.48	0162	DIC2016	70.954081633	2	2	3	2	0	0	2	2	1	2	1	4	2	3	0	2
88	1	1	2	33.98	0163	DIC2016	70.954081633	1	3	1	1	2	0	2	2	4	2	2	0	2	0	0	2
88	1	2	2	33.98	0163	DIC2016	70.954081633	2	3	2	1	1	0	2	2	4	1	2	0	2	1	0	1
88	1	3	2	33.98	0163	DIC2016	70.954081633	2	3	11	2	0	0	2	2	4	2	2	0	2	0	0	2
88	1	4	2	33.98	0163	DIC2016	70.954081633	2	2	11	2	0	0	2	2	4	2	2	0	2	0	0	2
88	1	1	2	35.34	0164	DIC2016	70.954081633	1	3	1	1	2	0	2	2	0	2	2	0	2	1	0	1
88	1	2	2	35.34	0164	DIC2016	70.954081633	2	3	2	1	1	0	2	2	1	1	2	0	2	1	0	1
88	1	3	2	35.34	0164	DIC2016	70.954081633	2	2	3	2	0	0	2	2	1	1	2	0	2	0	0	2
88	1	4	2	35.34	0164	DIC2016	70.954081633	2	2	3	2	0	0	2	2	4	2	1	4	2	3	0	2
88	1	5	2	35.34	0164	DIC2016	70.954081633	1	1	4	2	0	3	2	2	4	2	2	0	1	0	0	2
88	1	1	1	50.21	0165	DIC2016	70.954081633	1	3	1	1	2	0	2	2	1	2	2	0	2	1	0	1
88	1	2	1	50.21	0165	DIC2016	70.954081633	2	3	2	1	1	0	2	2	1	1	2	0	2	4	0	2
88	1	3	1	50.21	0165	DIC2016	70.954081633	1	2	3	2	0	0	2	2	1	2	1	4	2	3	0	2
88	1	4	1	50.21	0165	DIC2016	70.954081633	1	2	3	2	0	0	2	2	1	2	1	4	2	3	0	2
88	1	1	1	17.97	0166	DIC2016	70.954081633	1	3	1	2	0	0	2	2	4	2	2	0	2	1	0	1
88	1	1	2	18.52	0167	DIC2016	70.954081633	2	3	1	2	0	0	2	2	4	1	2	0	2	1	0	1
88	1	2	2	18.52	0167	DIC2016	70.954081633	2	3	11	2	0	0	2	2	4	2	2	0	2	4	0	2
88	1	3	2	18.52	0167	DIC2016	70.954081633	1	3	3	2	0	0	2	2	4	2	1	4	2	3	0	2
88	1	1	2	48.02	0168	DIC2016	70.954081633	1	3	1	1	2	0	2	2	3	2	2	0	2	1	0	1
88	1	2	2	48.02	0168	DIC2016	70.954081633	2	3	2	1	1	0	2	2	3	2	2	0	2	1	0	1
88	1	3	2	48.02	0168	DIC2016	70.954081633	2	2	3	2	0	0	2	2	3	2	1	4	2	3	0	2
88	1	4	2	48.02	0168	DIC2016	70.954081633	2	1	3	2	0	0	2	2	3	2	1	4	1	3	0	2
88	1	1	2	23.19	0169	DIC2016	70.954081633	2	3	1	1	0	0	2	2	1	1	2	0	2	1	0	1
88	1	2	2	23.19	0169	DIC2016	70.954081633	2	3	3	2	0	0	2	2	1	2	1	5	2	3	0	2
88	1	3	2	23.19	0169	DIC2016	70.954081633	1	3	3	2	0	0	2	2	1	2	1	4	2	3	0	2
88	1	1	1	25.3	0170	DIC2016	70.954081633	1	3	1	2	0	0	2	2	0	2	2	0	1	1	0	1
88	1	1	2	47.06	0171	DIC2016	70.954081633	1	3	1	1	2	0	2	2	3	2	2	0	2	1	0	1
88	1	2	2	47.06	0171	DIC2016	70.954081633	2	3	2	1	1	0	2	2	3	1	2	0	2	1	0	1
88	1	3	2	47.06	0171	DIC2016	70.954081633	1	1	3	2	0	0	2	2	3	2	1	4	1	3	0	2
88	1	4	2	47.06	0171	DIC2016	70.954081633	2	1	3	2	0	0	2	2	3	2	2	0	1	0	0	2
88	1	1	2	42.38	0172	DIC2016	70.954081633	2	3	1	2	0	0	2	2	4	1	2	0	2	1	0	1
88	1	2	2	42.38	0172	DIC2016	70.954081633	2	3	3	2	0	0	2	2	4	2	2	0	2	1	0	1
88	1	3	2	42.38	0172	DIC2016	70.954081633	2	3	3	2	0	0	2	2	4	2	1	4	2	3	0	2
88	1	4	2	42.38	0172	DIC2016	70.954081633	1	1	4	2	0	3	2	2	0	2	2	0	1	0	0	2
88	1	5	2	42.38	0172	DIC2016	70.954081633	2	1	4	2	0	3	2	2	0	2	2	0	1	0	0	2
88	1	1	2	58.87	0173	DIC2016	70.954081633	1	3	1	1	2	0	2	2	4	2	2	0	2	1	0	1
88	1	2	2	58.87	0173	DIC2016	70.954081633	2	3	2	1	1	0	2	2	4	1	2	0	2	1	0	1
88	1	1	2	46.32	0174	DIC2016	70.954081633	2	3	1	2	0	0	2	2	0	1	2	0	2	1	0	1
88	1	2	2	46.32	0174	DIC2016	70.954081633	1	2	3	2	0	0	2	2	0	2	1	4	2	3	0	2
88	1	1	1	45.86	0175	DIC2016	70.954081633	1	3	1	1	2	0	2	2	4	2	2	0	2	1	0	1
88	1	2	1	45.86	0175	DIC2016	70.954081633	2	3	2	1	1	0	2	2	4	1	2	0	2	4	0	2
88	1	3	1	45.86	0175	DIC2016	70.954081633	2	3	3	2	0	0	2	2	4	2	1	4	1	3	0	2
88	1	4	1	45.86	0175	DIC2016	70.954081633	1	1	3	2	0	0	2	2	4	2	1	4	1	3	0	2
88	1	5	1	45.86	0175	DIC2016	70.954081633	2	2	3	2	0	0	2	2	4	2	1	4	2	3	0	2
88	1	1	1	52.49	0176	DIC2016	70.954081633	1	3	1	1	2	0	2	2	1	2	2	0	2	1	0	1
88	1	2	1	52.49	0176	DIC2016	70.954081633	2	3	2	1	1	0	2	2	1	1	2	0	2	4	0	2
88	1	3	1	52.49	0176	DIC2016	70.954081633	2	3	3	2	0	0	2	2	1	2	2	0	2	2	2	2
88	1	4	1	52.49	0176	DIC2016	70.954081633	2	2	3	2	0	0	2	2	1	2	1	4	2	3	0	2
88	1	5	1	52.49	0176	DIC2016	70.954081633	2	1	3	2	0	0	2	2	1	2	1	4	1	3	0	2
88	1	1	1	36.4	0177	DIC2016	70.954081633	1	3	1	2	0	0	2	2	3	2	2	0	2	1	0	1
88	1	2	1	36.4	0177	DIC2016	70.954081633	1	1	3	2	0	0	2	2	3	2	1	1	1	3	0	2
88	1	3	1	36.4	0177	DIC2016	70.954081633	2	2	3	2	0	0	2	2	0	2	1	4	2	3	0	2
88	1	1	2	34.66	0178	DIC2016	70.954081633	2	3	1	2	0	0	2	2	4	1	2	0	2	0	0	2
88	1	1	1	27.99	0179	DIC2016	70.954081633	1	3	1	1	2	0	2	2	3	2	2	0	1	0	0	2
88	1	2	1	27.99	0179	DIC2016	70.954081633	2	3	2	1	1	0	2	2	3	1	2	0	2	4	0	1
88	1	3	1	27.99	0179	DIC2016	70.954081633	1	3	3	2	0	0	2	2	3	2	2	0	1	0	0	2
88	1	1	2	16.11	0180	DIC2016	70.954081633	2	3	1	1	0	0	2	2	4	1	2	0	2	4	0	2
88	1	2	2	16.11	0180	DIC2016	70.954081633	1	3	3	2	0	0	2	2	4	2	2	0	2	0	0	2
88	1	3	2	16.11	0180	DIC2016	70.954081633	2	3	3	2	0	0	2	2	4	1	2	0	2	4	0	2
88	1	5	2	16.11	0180	DIC2016	70.954081633	1	1	4	2	0	0	2	2	4	2	2	0	1	0	0	2
88	1	6	2	16.11	0180	DIC2016	70.954081633	2	1	4	2	0	0	2	2	4	2	2	0	1	0	0	2
88	1	8	2	16.11	0180	DIC2016	70.954081633	1	1	4	2	0	3	2	2	4	2	2	0	1	0	0	2
88	1	9	2	16.11	0180	DIC2016	70.954081633	2	1	4	2	0	2	2	2	0	2	2	0	1	0	0	2
88	1	1	2	34.95	0181	DIC2016	70.954081633	1	3	1	1	2	0	2	2	4	2	2	0	1	1	0	1
88	1	2	2	34.95	0181	DIC2016	70.954081633	2	3	2	1	1	0	2	2	4	1	2	0	1	4	0	2
88	1	3	2	34.95	0181	DIC2016	70.954081633	2	3	3	2	0	0	2	2	4	1	2	0	2	2	48	2
88	1	4	2	34.95	0181	DIC2016	70.954081633	1	3	4	2	0	3	2	2	4	2	2	0	2	2	32	2
88	1	5	2	34.95	0181	DIC2016	70.954081633	1	3	4	2	0	3	2	2	4	2	1	4	2	3	0	2
88	1	6	2	34.95	0181	DIC2016	70.954081633	1	3	4	2	0	3	2	2	4	2	1	6	2	3	0	2
88	1	7	2	34.95	0181	DIC2016	70.954081633	1	1	14	2	0	4	2	2	1	2	1	4	1	3	0	2
88	1	8	2	34.95	0181	DIC2016	70.954081633	2	1	14	2	0	6	2	2	0	2	2	0	1	0	0	2
88	1	1	2	37.07	0182	DIC2016	70.954081633	2	3	1	2	0	0	2	2	4	1	2	0	1	4	0	1
88	1	2	2	37.07	0182	DIC2016	70.954081633	2	3	3	2	0	0	2	2	4	1	2	0	2	4	0	2
88	1	3	2	37.07	0182	DIC2016	70.954081633	1	3	4	2	0	0	2	2	4	2	1	4	2	3	0	2
88	1	4	2	37.07	0182	DIC2016	70.954081633	1	2	4	2	0	0	2	2	4	2	1	4	1	3	0	2
88	1	5	2	37.07	0182	DIC2016	70.954081633	1	1	4	2	0	0	2	2	4	2	1	4	1	3	0	2
88	1	6	2	37.07	0182	DIC2016	70.954081633	2	3	3	2	0	0	2	2	4	1	2	0	2	4	0	2
88	1	7	2	37.07	0182	DIC2016	70.954081633	2	1	4	2	0	0	2	2	4	2	2	0	1	0	0	2
88	1	8	2	37.07	0182	DIC2016	70.954081633	2	2	4	2	0	6	2	2	0	2	1	4	2	3	0	2
88	1	1	2	12.2	0183	DIC2016	70.954081633	1	3	1	1	2	0	2	2	1	2	2	0	2	1	0	1
88	1	2	2	12.2	0183	DIC2016	70.954081633	2	3	2	1	1	0	2	2	4	1	2	0	2	4	0	2
88	1	3	2	12.2	0183	DIC2016	70.954081633	2	1	3	2	0	0	2	2	4	2	1	2	1	3	0	2
88	1	1	1	40.63	0184	DIC2016	70.954081633	1	3	1	1	2	0	2	2	0	2	2	0	1	1	0	1
88	1	2	1	40.63	0184	DIC2016	70.954081633	2	3	2	1	1	0	2	2	0	1	2	0	1	1	0	1
88	1	3	1	40.63	0184	DIC2016	70.954081633	2	1	3	2	0	0	2	2	0	2	2	0	1	0	0	2
88	1	1	1	31.17	0185	DIC2016	70.954081633	2	3	1	2	0	0	2	2	4	1	2	0	2	1	0	1
88	1	2	1	31.17	0185	DIC2016	70.954081633	1	2	3	2	0	0	2	2	1	2	1	4	2	3	0	2
88	1	3	1	31.17	0185	DIC2016	70.954081633	2	2	14	2	0	0	2	2	0	1	2	0	2	0	0	2
88	1	1	2	40.24	0186	DIC2016	70.954081633	1	3	1	1	2	0	2	2	0	2	2	0	2	1	0	1
88	1	2	2	40.24	0186	DIC2016	70.954081633	2	3	2	1	1	0	2	2	0	1	2	0	2	0	0	2
88	1	3	2	40.24	0186	DIC2016	70.954081633	1	1	3	2	0	0	2	2	0	2	1	4	1	3	0	2
88	1	1	1	48.36	0187	DIC2016	70.954081633	1	3	1	1	2	0	2	2	0	2	2	0	2	4	0	2
88	1	2	1	48.36	0187	DIC2016	70.954081633	2	3	2	1	1	0	2	2	0	1	2	0	2	1	0	1
88	1	3	1	48.36	0187	DIC2016	70.954081633	1	3	3	2	0	0	2	2	0	2	1	4	2	3	0	2
88	1	4	1	48.36	0187	DIC2016	70.954081633	2	3	13	2	0	0	2	2	0	2	2	0	2	0	0	2
88	1	1	2	57.67	0188	DIC2016	70.954081633	1	3	1	1	0	0	2	2	2	2	2	0	2	1	0	1
88	1	2	2	57.67	0188	DIC2016	70.954081633	2	3	3	2	0	0	2	2	3	2	1	8	2	3	0	2
88	1	3	2	57.67	0188	DIC2016	70.954081633	2	3	3	2	0	0	2	2	3	2	1	8	2	3	0	2
88	1	1	2	48.21	0189	DIC2016	70.954081633	1	3	1	1	0	0	2	2	0	2	2	0	2	2	8	1
88	1	1	1	54.21	0190	DIC2016	70.954081633	2	3	1	2	0	0	2	2	3	1	2	0	2	1	0	1
88	1	2	1	54.21	0190	DIC2016	70.954081633	2	3	3	2	0	0	2	2	4	2	2	0	2	1	0	1
88	1	3	1	54.21	0190	DIC2016	70.954081633	1	3	3	2	0	0	2	2	0	2	2	0	2	2	14	2
88	1	1	1	51.04	0191	DIC2016	70.954081633	1	3	1	1	2	0	2	2	1	2	2	0	2	1	0	1
88	1	2	1	51.04	0191	DIC2016	70.954081633	2	3	2	1	1	0	2	2	1	1	2	0	1	4	0	2
88	1	3	1	51.04	0191	DIC2016	70.954081633	1	2	4	2	0	0	2	2	1	2	1	4	2	3	0	2
88	1	1	1	56.09	0192	DIC2016	70.954081633	1	3	1	1	2	0	2	2	3	2	2	0	2	1	0	1
88	1	2	1	56.09	0192	DIC2016	70.954081633	2	3	2	1	1	0	2	2	3	1	2	0	2	4	0	2
88	1	3	1	56.09	0192	DIC2016	70.954081633	1	2	3	2	0	0	2	2	3	2	2	0	2	2	8	2
88	1	1	1	50.36	0193	DIC2016	70.954081633	1	3	1	1	0	0	2	2	0	2	2	0	2	1	0	1
88	1	2	1	50.36	0193	DIC2016	70.954081633	2	3	2	1	0	0	2	2	0	1	2	0	1	4	0	2
88	1	3	1	50.36	0193	DIC2016	70.954081633	1	2	3	2	0	0	2	2	0	2	1	4	2	3	0	2
88	1	4	1	50.36	0193	DIC2016	70.954081633	1	2	3	2	0	0	2	2	0	2	1	4	2	3	0	2
88	1	5	1	50.36	0193	DIC2016	70.954081633	1	2	3	2	0	0	2	2	0	2	1	4	2	3	0	2
88	1	1	2	33.57	0194	DIC2016	70.954081633	2	3	1	2	0	0	2	2	0	1	2	0	2	1	0	1
88	1	2	2	33.57	0194	DIC2016	70.954081633	1	3	3	2	0	0	2	2	0	2	2	0	2	2	30	2
88	1	3	2	33.57	0194	DIC2016	70.954081633	1	1	3	2	0	0	2	2	0	2	1	4	1	3	0	2
88	1	1	2	36.82	0195	DIC2016	70.954081633	1	3	1	1	2	0	2	2	1	2	2	0	2	1	0	1
88	1	2	2	36.82	0195	DIC2016	70.954081633	2	3	2	1	1	0	2	2	4	1	2	0	2	4	0	2
88	1	3	2	36.82	0195	DIC2016	70.954081633	2	1	3	2	0	0	2	2	1	2	2	0	1	0	0	2
88	1	4	2	36.82	0195	DIC2016	70.954081633	2	1	3	2	0	0	2	2	1	2	2	0	1	0	0	2
88	1	1	2	24.06	0196	DIC2016	70.954081633	2	3	1	1	2	0	2	2	1	1	2	0	2	0	0	2
88	1	3	2	24.06	0196	DIC2016	70.954081633	1	1	3	2	0	0	2	2	1	2	1	3	1	3	0	2
88	1	4	2	24.06	0196	DIC2016	70.954081633	2	1	3	2	0	0	2	2	1	2	1	3	1	3	0	2
